avg_rad,millis,system:index,Timestamp,Year,Month,DOY
2.9448294430224737,1546300800000,20190101,2019-01-01,2019,1,1
2.88449352236076,1548979200000,20190201,2019-02-01,2019,2,32
3.4669294059860585,1551398400000,20190301,2019-03-01,2019,3,60
3.2730100658857477,1554076800000,20190401,2019-04-01,2019,4,91
3.6728531421902466,1556668800000,20190501,2019-05-01,2019,5,121
3.772991249415035,1559347200000,20190601,2019-06-01,2019,6,152
2.892961493946747,1561939200000,20190701,2019-07-01,2019,7,182
3.191554261001623,1564617600000,20190801,2019-08-01,2019,8,213
3.413338018352614,1577836800000,20200101,2020-01-01,2020,1,1
3.13095244758969,1580515200000,20200201,2020-02-01,2020,2,32
4.07576353096704,1583020800000,20200301,2020-03-01,2020,3,61
3.9621581769639245,1585699200000,20200401,2020-04-01,2020,4,92
4.2863271150636395,1588291200000,20200501,2020-05-01,2020,5,122
3.9967011023036463,1590969600000,20200601,2020-06-01,2020,6,153
4.8629785986188665,1593561600000,20200701,2020-07-01,2020,7,183
4.304033086864804,1596240000000,20200801,2020-08-01,2020,8,214
4.044887169100627,1609459200000,20210101,2021-01-01,2021,1,1
3.8616337017629747,1612137600000,20210201,2021-02-01,2021,2,32
1.8101574653619366,1614556800000,20210301,2021-03-01,2021,3,60
3.6178272413177277,1617235200000,20210401,2021-04-01,2021,4,91
4.313957753707478,1619827200000,20210501,2021-05-01,2021,5,121
5.316676115214658,1622505600000,20210601,2021-06-01,2021,6,152
4.594102215401013,1625097600000,20210701,2021-07-01,2021,7,182
4.244973478258875,1627776000000,20210801,2021-08-01,2021,8,213
