metro_area,census_fips_code,retail_and_recreation_percent_change_from_baseline,grocery_and_pharmacy_percent_change_from_baseline,parks_percent_change_from_baseline,transit_stations_percent_change_from_baseline,workplaces_percent_change_from_baseline,residential_percent_change_from_baseline,Timestamp
,,4.125,2.3333333333333335,26.142857142857142,3.789473684210526,3.3684210526315788,-0.6470588235294118,2020-02-15
,,2.5,1.1538461538461537,18.285714285714285,2.473684210526316,1.5789473684210527,0.6428571428571429,2020-02-16
,,1.0666666666666667,-1.0,12.5,1.736842105263158,2.95,0.16666666666666666,2020-02-17
,,0.0,-2.7333333333333334,9.23076923076923,-0.21052631578947367,1.95,0.3333333333333333,2020-02-18
,,-2.125,-2.7333333333333334,8.538461538461538,0.0,1.25,0.5555555555555556,2020-02-19
,,-1.9375,-2.1333333333333333,5.928571428571429,-0.3684210526315789,-1.85,1.1666666666666667,2020-02-20
,,-0.8823529411764706,-5.133333333333334,13.846153846153847,0.47368421052631576,-0.35,1.3333333333333333,2020-02-21
,,-1.0,-3.533333333333333,8.846153846153847,-1.631578947368421,-0.15789473684210525,-0.7058823529411765,2020-02-22
,,1.0,-1.0,17.153846153846153,0.6842105263157895,-0.8947368421052632,0.2857142857142857,2020-02-23
,,-1.625,-4.866666666666666,7.142857142857143,0.05263157894736842,2.25,0.2222222222222222,2020-02-24
,,-1.9411764705882353,-4.866666666666666,10.846153846153847,2.3157894736842106,1.95,0.0,2020-02-25
,,-2.176470588235294,-2.8666666666666667,9.25,3.6842105263157894,2.8,0.2777777777777778,2020-02-26
,,1.9375,-0.4666666666666667,6.083333333333333,3.526315789473684,3.1,0.6666666666666666,2020-02-27
,,-0.5882352941176471,-0.26666666666666666,-0.3076923076923077,5.0,4.6,0.5,2020-02-28
,,1.411764705882353,4.133333333333334,2.4615384615384617,4.947368421052632,2.3157894736842106,0.0,2020-02-29
,,1.0,5.076923076923077,4.916666666666667,4.578947368421052,1.9473684210526316,0.7857142857142857,2020-03-01
,,-0.26666666666666666,-2.066666666666667,4.5,2.3684210526315788,3.05,0.16666666666666666,2020-03-02
,,-0.1875,-3.0,5.384615384615385,4.842105263157895,2.65,0.16666666666666666,2020-03-03
,,0.11764705882352941,-1.1333333333333333,2.1538461538461537,4.2631578947368425,3.6,0.3888888888888889,2020-03-04
,,1.7647058823529411,-0.6,8.071428571428571,8.789473684210526,3.55,0.0,2020-03-05
,,0.29411764705882354,-4.4,14.692307692307692,5.526315789473684,5.7894736842105265,0.8888888888888888,2020-03-06
,,5.294117647058823,2.0,6.846153846153846,7.2631578947368425,3.789473684210526,-0.6470588235294118,2020-03-07
,,1.4,2.6153846153846154,4.230769230769231,4.473684210526316,2.789473684210526,1.0,2020-03-08
,,3.6666666666666665,-2.533333333333333,11.307692307692308,5.368421052631579,3.8,0.05555555555555555,2020-03-09
,,0.125,-3.1333333333333333,3.6923076923076925,4.631578947368421,2.95,0.1111111111111111,2020-03-10
,,-0.47058823529411764,-3.2,-3.076923076923077,3.6315789473684212,2.45,0.2222222222222222,2020-03-11
,,2.0625,0.13333333333333333,8.142857142857142,8.31578947368421,0.75,0.1111111111111111,2020-03-12
,,-0.058823529411764705,-1.6666666666666667,4.615384615384615,8.0,3.736842105263158,0.05555555555555555,2020-03-13
,,-0.5294117647058824,-2.066666666666667,-0.5384615384615384,5.578947368421052,-0.631578947368421,0.6470588235294118,2020-03-14
,,-0.3333333333333333,-0.8461538461538461,2.769230769230769,3.473684210526316,0.15789473684210525,1.5714285714285714,2020-03-15
,,-0.2,-2.2,-4.785714285714286,6.421052631578948,1.35,0.7222222222222222,2020-03-16
,,-2.1875,-3.8666666666666667,2.1666666666666665,4.526315789473684,1.15,0.8333333333333334,2020-03-17
,,-3.0588235294117645,0.2,-5.5,4.052631578947368,1.05,1.7222222222222223,2020-03-18
,,-0.6470588235294118,7.733333333333333,-8.307692307692308,3.5789473684210527,-0.3,2.3333333333333335,2020-03-19
,,-1.4705882352941178,7.866666666666666,-7.615384615384615,6.578947368421052,2.263157894736842,2.9444444444444446,2020-03-20
,,-7.117647058823529,3.066666666666667,-9.833333333333334,1.2105263157894737,1.6842105263157894,3.823529411764706,2020-03-21
,,-20.866666666666667,-3.6923076923076925,-10.153846153846153,-8.31578947368421,-6.052631578947368,11.307692307692308,2020-03-22
,,-10.533333333333333,0.5333333333333333,-20.153846153846153,-6.421052631578948,-10.0,10.277777777777779,2020-03-23
,,-23.11764705882353,-8.266666666666667,-28.46153846153846,-15.052631578947368,-23.75,18.0,2020-03-24
,,-12.235294117647058,15.266666666666667,-20.357142857142858,0.9473684210526315,-25.25,14.222222222222221,2020-03-25
,,-40.1875,-24.866666666666667,-43.57142857142857,-25.0,-43.6,25.11764705882353,2020-03-26
,,-47.0,-36.86666666666667,-45.642857142857146,-31.42105263157895,-45.7,30.0,2020-03-27
,,-48.88235294117647,-39.333333333333336,-47.23076923076923,-32.21052631578947,-32.78947368421053,20.4,2020-03-28
,,-47.2,-36.07692307692308,-30.384615384615383,-29.105263157894736,-15.0,20.076923076923077,2020-03-29
,,-25.294117647058822,5.6,-37.53846153846154,-16.894736842105264,-49.25,23.41176470588235,2020-03-30
,,-72.88235294117646,-69.46666666666667,-64.0,-59.526315789473685,-72.3,44.5,2020-03-31
,,-69.3529411764706,-63.6,-64.07692307692308,-56.8421052631579,-70.8,43.666666666666664,2020-04-01
,,-66.6470588235294,-59.6,-53.857142857142854,-53.73684210526316,-68.75,42.13333333333333,2020-04-02
,,-66.70588235294117,-59.6,-52.07142857142857,-54.05263157894737,-66.05,43.93333333333333,2020-04-03
,,-64.94117647058823,-58.6,-51.15384615384615,-51.526315789473685,-48.421052631578945,28.428571428571427,2020-04-04
,,-61.07142857142857,-50.642857142857146,-45.69230769230769,-45.0,-23.0,25.692307692307693,2020-04-05
,,-63.5625,-55.53333333333333,-60.76923076923077,-52.78947368421053,-66.4,40.733333333333334,2020-04-06
,,-63.35294117647059,-54.8,-61.07692307692308,-51.8421052631579,-65.6,39.4,2020-04-07
,,-65.17647058823529,-55.333333333333336,-62.07692307692308,-53.473684210526315,-66.15,40.266666666666666,2020-04-08
,,-64.05882352941177,-55.06666666666667,-54.666666666666664,-52.26315789473684,-64.95,41.46666666666667,2020-04-09
,,-65.11764705882354,-52.53333333333333,-55.333333333333336,-53.05263157894737,-67.3,44.93333333333333,2020-04-10
,,-63.5,-52.4,-51.857142857142854,-48.31578947368421,-44.68421052631579,29.071428571428573,2020-04-11
,,-62.214285714285715,-50.42857142857143,-47.61538461538461,-46.05263157894737,-22.842105263157894,26.833333333333332,2020-04-12
,,-68.875,-59.13333333333333,-65.07692307692308,-58.0,-71.85,45.785714285714285,2020-04-13
,,-65.0,-55.6,-63.23076923076923,-55.421052631578945,-64.8,42.266666666666666,2020-04-14
,,-64.88235294117646,-55.333333333333336,-64.15384615384616,-55.10526315789474,-64.4,43.46666666666667,2020-04-15
,,-65.05882352941177,-53.86666666666667,-55.92857142857143,-54.31578947368421,-63.7,42.4,2020-04-16
,,-64.82352941176471,-56.46666666666667,-54.285714285714285,-54.63157894736842,-61.85,44.86666666666667,2020-04-17
,,-64.52941176470588,-56.733333333333334,-54.92307692307692,-52.36842105263158,-42.10526315789474,30.285714285714285,2020-04-18
,,-64.14285714285714,-53.785714285714285,-52.92307692307692,-50.31578947368421,-22.05263157894737,28.666666666666668,2020-04-19
,,-64.75,-55.93333333333333,-65.75,-55.05263157894737,-62.75,43.0,2020-04-20
,,-64.47058823529412,-56.53333333333333,-64.15384615384616,-55.578947368421055,-62.8,42.0625,2020-04-21
,,-66.17647058823529,-55.93333333333333,-64.15384615384616,-55.68421052631579,-63.3,43.2,2020-04-22
,,-64.70588235294117,-54.53333333333333,-54.92857142857143,-54.578947368421055,-62.2,42.8,2020-04-23
,,-65.23529411764706,-54.4,-54.357142857142854,-54.10526315789474,-59.95,45.13333333333333,2020-04-24
,,-63.588235294117645,-53.2,-53.30769230769231,-51.8421052631579,-41.21052631578947,30.428571428571427,2020-04-25
,,-66.07142857142857,-57.142857142857146,-55.07692307692308,-53.421052631578945,-23.94736842105263,28.833333333333332,2020-04-26
,,-63.1875,-53.666666666666664,-64.66666666666667,-53.78947368421053,-60.7,41.4375,2020-04-27
,,-64.94117647058823,-57.06666666666667,-64.0,-55.36842105263158,-61.45,42.4375,2020-04-28
,,-64.3529411764706,-55.53333333333333,-59.42857142857143,-54.36842105263158,-60.85,42.733333333333334,2020-04-29
,,-64.6470588235294,-54.46666666666667,-71.85714285714286,-52.63157894736842,-60.15,42.0,2020-04-30
,,-65.94117647058823,-54.4,-73.28571428571429,-54.1578947368421,-63.15,46.0,2020-05-01
,,-64.6875,-55.13333333333333,-73.46153846153847,-50.68421052631579,-37.63157894736842,29.666666666666668,2020-05-02
,,-62.785714285714285,-53.42857142857143,-70.28571428571429,-49.05263157894737,-19.526315789473685,28.76923076923077,2020-05-03
,,-43.13333333333333,-36.46666666666667,-58.92307692307692,-33.36842105263158,-42.95,30.58823529411765,2020-05-04
,,-46.411764705882355,-36.4,-63.142857142857146,-34.78947368421053,-46.0,32.411764705882355,2020-05-05
,,-35.705882352941174,-28.466666666666665,-58.76923076923077,-24.263157894736842,-40.7,29.58823529411765,2020-05-06
,,-43.705882352941174,-29.4,-63.92857142857143,-30.68421052631579,-44.0,32.0,2020-05-07
,,-35.64705882352941,-28.466666666666665,-57.5,-23.894736842105264,-36.6,30.176470588235293,2020-05-08
,,-46.88235294117647,-30.4,-63.92307692307692,-29.842105263157894,-25.526315789473685,22.866666666666667,2020-05-09
,,-54.0,-40.642857142857146,-66.6923076923077,-38.21052631578947,-15.157894736842104,25.615384615384617,2020-05-10
,,-33.125,-27.866666666666667,-59.07692307692308,-22.42105263157895,-37.45,27.470588235294116,2020-05-11
,,-42.8125,-28.866666666666667,-59.785714285714285,-27.842105263157894,-41.95,30.764705882352942,2020-05-12
,,-34.23529411764706,-27.0,-57.285714285714285,-21.842105263157894,-36.9,27.176470588235293,2020-05-13
,,-42.125,-29.066666666666666,-63.285714285714285,-29.157894736842106,-40.9,29.294117647058822,2020-05-14
,,-34.588235294117645,-26.6,-59.57142857142857,-23.0,-33.4,27.176470588235293,2020-05-15
,,-45.0,-31.533333333333335,-64.15384615384616,-28.157894736842106,-21.05263157894737,20.5625,2020-05-16
,,-50.333333333333336,-36.84615384615385,-64.38461538461539,-34.31578947368421,-9.263157894736842,23.076923076923077,2020-05-17
,,-30.333333333333332,-24.133333333333333,-58.15384615384615,-19.57894736842105,-34.6,24.352941176470587,2020-05-18
,,-43.05882352941177,-32.666666666666664,-60.92857142857143,-30.473684210526315,-41.05,31.0,2020-05-19
,,-31.235294117647058,-21.8,-51.84615384615385,-17.05263157894737,-34.55,26.764705882352942,2020-05-20
,,-38.411764705882355,-23.266666666666666,-58.5,-24.05263157894737,-39.0,29.235294117647058,2020-05-21
,,-31.294117647058822,-19.933333333333334,-51.92857142857143,-15.157894736842104,-30.8,27.058823529411764,2020-05-22
,,-41.411764705882355,-24.666666666666668,-61.714285714285715,-23.736842105263158,-19.263157894736842,20.5625,2020-05-23
,,-46.13333333333333,-31.23076923076923,-59.38461538461539,-29.894736842105264,-8.631578947368421,22.153846153846153,2020-05-24
,,-45.6875,-33.6,-64.71428571428571,-37.05263157894737,-58.5,36.0625,2020-05-25
,,-46.8125,-29.866666666666667,-66.07142857142857,-32.526315789473685,-55.75,33.4375,2020-05-26
,,-26.352941176470587,-17.933333333333334,-56.92857142857143,-14.947368421052632,-31.6,24.11764705882353,2020-05-27
,,-43.588235294117645,-32.06666666666667,-61.07142857142857,-28.842105263157894,-39.0,31.0,2020-05-28
,,-27.3125,-16.866666666666667,-54.06666666666667,-11.947368421052632,-28.05,25.176470588235293,2020-05-29
,,-38.529411764705884,-23.733333333333334,-60.92307692307692,-20.36842105263158,-15.052631578947368,19.625,2020-05-30
,,-43.357142857142854,-27.384615384615383,-59.30769230769231,-25.0,-1.631578947368421,21.46153846153846,2020-05-31
,,-25.933333333333334,-17.866666666666667,-54.0,-12.052631578947368,-28.45,23.823529411764707,2020-06-01
,,-38.375,-24.4,-57.5,-22.0,-36.35,27.823529411764707,2020-06-02
,,-23.75,-12.0,-51.142857142857146,-9.105263157894736,-27.05,21.555555555555557,2020-06-03
,,-32.266666666666666,-15.333333333333334,-54.785714285714285,-14.473684210526315,-31.5,25.058823529411764,2020-06-04
,,-25.125,-11.666666666666666,-43.07142857142857,-7.0,-22.75,23.176470588235293,2020-06-05
,,-35.705882352941174,-18.6,-51.714285714285715,-14.368421052631579,-11.631578947368421,17.625,2020-06-06
,,-41.0,-24.153846153846153,-52.46153846153846,-20.05263157894737,-0.3157894736842105,20.307692307692307,2020-06-07
,,-21.333333333333332,-10.466666666666667,-48.25,-4.578947368421052,-23.9,19.5,2020-06-08
,,-33.8125,-18.666666666666668,-48.785714285714285,-15.105263157894736,-30.5,24.823529411764707,2020-06-09
,,-23.133333333333333,-10.6,-42.857142857142854,-7.631578947368421,-24.45,21.444444444444443,2020-06-10
,,-29.9375,-13.8,-49.07142857142857,-9.578947368421053,-28.95,23.294117647058822,2020-06-11
,,-28.41176470588235,-13.466666666666667,-48.857142857142854,-13.947368421052632,-39.9,29.0,2020-06-12
,,-34.0,-19.666666666666668,-50.38461538461539,-14.0,-6.25,17.5,2020-06-13
,,-40.285714285714285,-26.923076923076923,-51.53846153846154,-19.68421052631579,4.75,20.46153846153846,2020-06-14
,,-21.8,-14.866666666666667,-44.23076923076923,-8.052631578947368,-24.85,21.529411764705884,2020-06-15
,,-28.625,-15.933333333333334,-52.07692307692308,-11.210526315789474,-29.0,22.647058823529413,2020-06-16
,,-26.5625,-19.066666666666666,-47.333333333333336,-12.31578947368421,-25.95,23.166666666666668,2020-06-17
,,-42.0,-32.93333333333333,-55.142857142857146,-23.842105263157894,-37.55,31.235294117647058,2020-06-18
,,-20.533333333333335,-10.533333333333333,-36.5,-1.631578947368421,-21.55,21.0,2020-06-19
,,-33.588235294117645,-21.4,-51.285714285714285,-12.894736842105264,-7.65,17.375,2020-06-20
,,-37.214285714285715,-24.23076923076923,-46.92857142857143,-18.210526315789473,2.263157894736842,19.615384615384617,2020-06-21
,,-26.866666666666667,-24.066666666666666,-51.333333333333336,-12.210526315789474,-27.85,23.058823529411764,2020-06-22
,,-27.625,-14.733333333333333,-50.38461538461539,-8.894736842105264,-30.65,22.235294117647058,2020-06-23
,,-21.0625,-9.2,-42.07142857142857,-3.6842105263157894,-25.25,19.833333333333332,2020-06-24
,,-27.866666666666667,-14.6,-48.357142857142854,-8.631578947368421,-28.85,22.529411764705884,2020-06-25
,,-20.5,-10.133333333333333,-40.357142857142854,-3.8947368421052633,-21.3,20.941176470588236,2020-06-26
,,-28.58823529411765,-14.533333333333333,-42.38461538461539,-7.0,-7.5,15.0,2020-06-27
,,-42.5,-31.384615384615383,-53.785714285714285,-26.473684210526315,-5.75,22.0,2020-06-28
,,-15.0,-10.2,-26.53846153846154,0.8947368421052632,-23.95,18.0,2020-06-29
,,-27.0,-15.333333333333334,-48.0,-8.263157894736842,-31.2,23.823529411764707,2020-06-30
,,-15.9375,-7.066666666666666,-37.357142857142854,4.105263157894737,-23.15,19.0,2020-07-01
,,-23.2,-8.6,-44.214285714285715,-1.9473684210526316,-27.55,22.0,2020-07-02
,,-15.6,-4.0,-34.285714285714285,5.315789473684211,-19.1,19.58823529411765,2020-07-03
,,-37.411764705882355,-26.933333333333334,-32.61538461538461,-12.052631578947368,-12.25,19.1875,2020-07-04
,,-33.07142857142857,-16.46153846153846,-44.166666666666664,-11.31578947368421,1.4,18.76923076923077,2020-07-05
,,-13.642857142857142,-6.4,-37.25,8.68421052631579,-23.05,17.38888888888889,2020-07-06
,,-26.125,-13.733333333333333,-45.5,-6.526315789473684,-30.15,22.705882352941178,2020-07-07
,,-20.75,-11.866666666666667,-41.214285714285715,1.5263157894736843,-24.6,20.5,2020-07-08
,,-26.666666666666668,-12.0,-45.357142857142854,-2.6842105263157894,-28.25,23.235294117647058,2020-07-09
,,-13.666666666666666,-2.7333333333333334,-30.533333333333335,10.947368421052632,-18.95,19.176470588235293,2020-07-10
,,-25.625,-9.933333333333334,-41.92857142857143,-0.7894736842105263,-5.3,14.8125,2020-07-11
,,-31.571428571428573,-14.76923076923077,-42.416666666666664,-7.052631578947368,1.9473684210526316,18.307692307692307,2020-07-12
,,-10.333333333333334,-2.466666666666667,-37.666666666666664,10.789473684210526,-21.25,16.333333333333332,2020-07-13
,,-22.8,-11.933333333333334,-40.357142857142854,-1.105263157894737,-27.5,20.27777777777778,2020-07-14
,,-13.666666666666666,-1.9333333333333333,-31.857142857142858,9.68421052631579,-20.8,18.61111111111111,2020-07-15
,,-23.266666666666666,-9.4,-36.857142857142854,3.263157894736842,-25.65,21.058823529411764,2020-07-16
,,-15.4,-4.133333333333334,-32.30769230769231,11.68421052631579,-17.5,18.444444444444443,2020-07-17
,,-25.8125,-11.6,-44.07142857142857,1.4210526315789473,-3.25,14.375,2020-07-18
,,-30.571428571428573,-14.76923076923077,-42.0,-5.2631578947368425,3.8,17.923076923076923,2020-07-19
,,-12.733333333333333,-4.533333333333333,-36.0,9.578947368421053,-19.5,17.0,2020-07-20
,,-25.0,-12.4,-41.61538461538461,0.8421052631578947,-25.4,20.11111111111111,2020-07-21
,,-13.466666666666667,-1.8666666666666667,-36.61538461538461,10.473684210526315,-20.2,17.833333333333332,2020-07-22
,,-23.0,-7.666666666666667,-40.84615384615385,3.8947368421052633,-25.35,20.235294117647058,2020-07-23
,,-15.066666666666666,-2.466666666666667,-35.142857142857146,12.578947368421053,-17.25,18.647058823529413,2020-07-24
,,-24.0,-7.466666666666667,-37.07692307692308,4.526315789473684,-5.05,13.875,2020-07-25
,,-28.076923076923077,-9.615384615384615,-39.666666666666664,-0.631578947368421,2.45,17.076923076923077,2020-07-26
,,-9.0,1.6,-30.615384615384617,14.0,-19.6,15.833333333333334,2020-07-27
,,-20.4375,-5.0,-35.23076923076923,6.578947368421052,-26.65,19.58823529411765,2020-07-28
,,-8.133333333333333,8.4,-26.692307692307693,20.36842105263158,-21.05,14.333333333333334,2020-07-29
,,-22.875,6.533333333333333,-33.714285714285715,4.842105263157895,-47.55,23.058823529411764,2020-07-30
,,-30.823529411764707,-12.666666666666666,-40.61538461538461,-9.842105263157896,-53.7,26.0625,2020-07-31
,,-34.5,-19.6,-40.42857142857143,-9.526315789473685,-23.55,14.9375,2020-08-01
,,-31.642857142857142,-12.538461538461538,-32.25,-3.6842105263157894,-5.95,15.307692307692308,2020-08-02
,,-13.733333333333333,-2.066666666666667,-29.333333333333332,7.421052631578948,-23.35,16.529411764705884,2020-08-03
,,-21.733333333333334,-6.0,-37.166666666666664,6.947368421052632,-27.7,19.235294117647058,2020-08-04
,,-12.4375,4.133333333333334,-28.846153846153847,16.526315789473685,-20.8,16.27777777777778,2020-08-05
,,-21.533333333333335,-1.6666666666666667,-33.166666666666664,11.526315789473685,-25.3,18.58823529411765,2020-08-06
,,-11.4375,1.6666666666666667,-21.857142857142858,20.31578947368421,-15.45,15.0,2020-08-07
,,-21.4375,-4.0,-22.0,15.68421052631579,-2.65,11.4375,2020-08-08
,,-25.428571428571427,-3.4615384615384617,-27.0,11.578947368421053,3.8421052631578947,12.846153846153847,2020-08-09
,,-9.333333333333334,2.2666666666666666,-24.307692307692307,20.210526315789473,-17.35,14.166666666666666,2020-08-10
,,-20.625,-6.133333333333334,-31.416666666666668,11.0,-24.25,17.11111111111111,2020-08-11
,,-10.8,3.466666666666667,-25.153846153846153,21.263157894736842,-18.45,14.277777777777779,2020-08-12
,,-19.8,-2.933333333333333,-22.53846153846154,15.421052631578947,-23.2,16.77777777777778,2020-08-13
,,-10.75,2.066666666666667,-17.384615384615383,22.94736842105263,-14.85,14.722222222222221,2020-08-14
,,-21.6875,-5.333333333333333,-22.76923076923077,16.57894736842105,-2.15,10.5,2020-08-15
,,-24.142857142857142,-2.8461538461538463,-22.166666666666668,14.68421052631579,4.631578947368421,11.307692307692308,2020-08-16
,,-26.0,-14.333333333333334,-25.75,13.0625,-18.88235294117647,12.944444444444445,2020-08-17
,,-26.25,-16.75,-43.6,6.1875,-25.41176470588235,16.166666666666668,2020-08-18
,,-22.0,-13.333333333333334,-27.6,12.4375,-18.941176470588236,13.666666666666666,2020-08-19
,,-28.25,-15.0,-41.0,7.25,-25.647058823529413,16.666666666666668,2020-08-20
,,-22.25,-12.333333333333334,-27.2,14.4375,-16.647058823529413,15.277777777777779,2020-08-21
,,-23.6,-19.333333333333332,-40.0,8.5625,-5.769230769230769,11.375,2020-08-22
,,-31.25,-17.333333333333332,-22.5,9.071428571428571,3.625,11.307692307692308,2020-08-23
,,-25.666666666666668,-13.333333333333334,-28.25,10.25,-17.176470588235293,13.5,2020-08-24
,,-25.25,-16.75,-40.4,7.5,-25.58823529411765,16.333333333333332,2020-08-25
,,-22.25,-12.333333333333334,-27.0,13.625,-17.764705882352942,13.722222222222221,2020-08-26
,,-27.5,-15.0,-40.2,8.75,-24.647058823529413,16.333333333333332,2020-08-27
,,-22.25,-7.4,-27.8,14.75,-16.176470588235293,14.222222222222221,2020-08-28
,,-22.0,-13.428571428571429,-37.666666666666664,10.6875,-6.846153846153846,10.1875,2020-08-29
,,-28.75,-15.333333333333334,-25.5,13.214285714285714,0.0,10.461538461538462,2020-08-30
,,-23.666666666666668,-13.0,-27.75,10.5,-17.0,13.61111111111111,2020-08-31
,,-16.071428571428573,7.933333333333334,-19.214285714285715,14.157894736842104,-16.5,13.31578947368421,2021-02-15
,,-17.142857142857142,8.733333333333333,-25.153846153846153,18.0,-17.15,14.555555555555555,2021-02-16
,,-15.533333333333333,8.733333333333333,-23.46153846153846,17.210526315789473,-14.85,14.263157894736842,2021-02-17
,,-11.4375,11.933333333333334,-25.533333333333335,19.842105263157894,-15.1,14.473684210526315,2021-02-18
,,-21.466666666666665,-2.466666666666667,-27.333333333333332,13.473684210526315,-15.75,18.0,2021-02-19
,,-8.8,10.8,-12.846153846153847,17.94736842105263,-3.8,11.055555555555555,2021-02-20
,,-15.0,1.4615384615384615,-26.714285714285715,9.368421052631579,-6.05,12.5625,2021-02-21
,,-13.928571428571429,9.0,-18.928571428571427,19.894736842105264,-11.95,14.0,2021-02-22
,,-13.642857142857142,8.933333333333334,-19.923076923076923,20.789473684210527,-13.6,14.31578947368421,2021-02-23
,,-11.75,8.933333333333334,-24.46153846153846,22.473684210526315,-12.2,15.052631578947368,2021-02-24
,,-11.933333333333334,12.333333333333334,-22.923076923076923,23.42105263157895,-12.6,14.894736842105264,2021-02-25
,,-10.533333333333333,12.8,-22.846153846153847,25.210526315789473,-9.85,14.61111111111111,2021-02-26
,,-3.533333333333333,15.866666666666667,-17.46153846153846,22.263157894736842,-2.6,9.722222222222221,2021-02-27
,,-8.6,9.76923076923077,-19.0,17.526315789473685,-2.85,10.4375,2021-02-28
,,-10.142857142857142,14.266666666666667,-16.928571428571427,25.473684210526315,-9.8,12.578947368421053,2021-03-01
,,-8.066666666666666,14.733333333333333,-25.23076923076923,27.05263157894737,-11.3,13.578947368421053,2021-03-02
,,-7.6875,15.333333333333334,-19.384615384615383,27.94736842105263,-10.9,13.789473684210526,2021-03-03
,,-6.9375,14.6,-21.076923076923077,26.94736842105263,-13.4,14.526315789473685,2021-03-04
,,-7.933333333333334,14.733333333333333,-18.692307692307693,30.473684210526315,-11.0,14.88888888888889,2021-03-05
,,-3.7333333333333334,14.6,-12.76923076923077,24.263157894736842,-1.6,9.833333333333334,2021-03-06
,,-8.133333333333333,10.615384615384615,-21.214285714285715,17.894736842105264,-1.55,10.5625,2021-03-07
,,-7.4,15.066666666666666,-15.571428571428571,30.05263157894737,-9.4,13.052631578947368,2021-03-08
,,-10.0,14.466666666666667,-21.153846153846153,27.842105263157894,-10.5,13.947368421052632,2021-03-09
,,-9.3125,13.4,-21.846153846153847,28.05263157894737,-9.2,14.31578947368421,2021-03-10
,,-8.6875,13.266666666666667,-13.076923076923077,29.157894736842106,-9.95,13.736842105263158,2021-03-11
,,-8.75,11.533333333333333,-14.692307692307692,35.473684210526315,-6.85,12.944444444444445,2021-03-12
,,-9.066666666666666,9.4,-10.76923076923077,21.68421052631579,-3.45,10.5,2021-03-13
,,-12.8,6.076923076923077,-15.538461538461538,12.894736842105264,-3.85,11.625,2021-03-14
,,-7.875,14.6,-9.214285714285714,28.894736842105264,-8.1,12.842105263157896,2021-03-15
,,-8.875,15.733333333333333,-17.76923076923077,29.473684210526315,-9.05,13.31578947368421,2021-03-16
,,-11.875,13.466666666666667,-16.153846153846153,26.105263157894736,-8.35,14.68421052631579,2021-03-17
,,-10.5625,14.0,-19.076923076923077,27.789473684210527,-8.85,14.526315789473685,2021-03-18
,,-6.9375,19.333333333333332,-16.53846153846154,32.1578947368421,-4.5,13.61111111111111,2021-03-19
,,-3.8,18.933333333333334,-7.461538461538462,27.736842105263158,0.25,9.555555555555555,2021-03-20
,,-9.733333333333333,15.0,-13.692307692307692,17.94736842105263,-1.6,11.1875,2021-03-21
,,-8.375,18.333333333333332,-9.928571428571429,29.894736842105264,-7.2,13.210526315789474,2021-03-22
,,-13.125,11.866666666666667,-21.0,25.263157894736842,-10.4,13.947368421052632,2021-03-23
,,-7.25,18.266666666666666,-15.76923076923077,30.263157894736842,-8.15,13.210526315789474,2021-03-24
,,-5.466666666666667,21.466666666666665,-16.23076923076923,35.0,-8.35,12.842105263157896,2021-03-25
,,-2.375,21.8,-14.538461538461538,36.578947368421055,-5.45,11.88888888888889,2021-03-26
,,-0.4,21.733333333333334,-7.3076923076923075,30.894736842105264,-1.75,8.166666666666666,2021-03-27
,,-6.133333333333334,19.384615384615383,-14.307692307692308,22.842105263157894,-2.95,9.125,2021-03-28
,,-4.3125,24.533333333333335,-9.928571428571429,29.57894736842105,-7.45,11.263157894736842,2021-03-29
,,-4.125,22.666666666666668,-16.076923076923077,33.421052631578945,-8.95,12.0,2021-03-30
,,-2.4375,26.8,-16.25,38.94736842105263,-8.1,11.526315789473685,2021-03-31
,,2.375,31.866666666666667,-12.75,43.0,-8.75,9.947368421052632,2021-04-01
,,-8.0,26.8,-23.53846153846154,21.31578947368421,-42.7,21.38888888888889,2021-04-02
,,-3.4,21.333333333333332,-13.538461538461538,24.31578947368421,-8.75,8.61111111111111,2021-04-03
,,-2.1333333333333333,19.153846153846153,-14.615384615384615,20.894736842105264,-9.1,7.625,2021-04-04
,,-16.125,6.4,-23.142857142857142,-1.368421052631579,-62.05,26.157894736842106,2021-04-05
,,-9.066666666666666,19.533333333333335,-23.384615384615383,27.789473684210527,-12.4,11.421052631578947,2021-04-06
,,-7.25,18.666666666666668,-20.153846153846153,28.842105263157894,-12.4,12.631578947368421,2021-04-07
,,-6.625,21.533333333333335,-17.307692307692307,29.31578947368421,-11.85,12.68421052631579,2021-04-08
,,-6.875,21.333333333333332,-17.692307692307693,30.789473684210527,-9.3,13.166666666666666,2021-04-09
,,-5.533333333333333,16.733333333333334,-12.923076923076923,25.57894736842105,-6.35,9.777777777777779,2021-04-10
,,-7.0,15.153846153846153,-10.461538461538462,17.789473684210527,-5.15,10.5,2021-04-11
,,-5.333333333333333,24.2,-13.142857142857142,29.0,-9.95,12.263157894736842,2021-04-12
,,-7.8,22.6,-20.153846153846153,26.94736842105263,-10.25,13.789473684210526,2021-04-13
,,-7.75,21.8,-16.923076923076923,26.736842105263158,-10.45,14.210526315789474,2021-04-14
,,-5.0625,23.6,-17.53846153846154,28.526315789473685,-8.8,13.842105263157896,2021-04-15
,,-6.875,19.533333333333335,-17.0,28.473684210526315,-7.0,14.722222222222221,2021-04-16
,,-4.666666666666667,18.866666666666667,-12.0,23.63157894736842,-1.0,10.944444444444445,2021-04-17
,,-18.266666666666666,0.14285714285714285,-23.076923076923077,4.7368421052631575,-10.9,16.375,2021-04-18
,,-5.533333333333333,24.466666666666665,-11.785714285714286,30.63157894736842,-9.05,14.0,2021-04-19
,,-7.428571428571429,22.066666666666666,-16.0,33.63157894736842,-10.8,14.631578947368421,2021-04-20
,,-5.625,22.6,-19.416666666666668,32.526315789473685,-9.25,15.157894736842104,2021-04-21
,,-5.6875,22.666666666666668,-16.384615384615383,29.736842105263158,-9.8,16.473684210526315,2021-04-22
,,-2.4375,25.866666666666667,-14.307692307692308,35.36842105263158,-5.0,14.736842105263158,2021-04-23
,,2.7333333333333334,27.533333333333335,-3.3076923076923075,30.42105263157895,2.05,10.555555555555555,2021-04-24
,,-4.0,23.0,-8.307692307692308,23.57894736842105,-1.9,11.625,2021-04-25
,,-1.3333333333333333,25.4,-13.916666666666666,32.94736842105263,-7.0,14.0,2021-04-26
,,-1.6666666666666667,27.8,-13.0,34.68421052631579,-8.0,14.473684210526315,2021-04-27
,,-2.0625,26.6,-9.0,36.10526315789474,-8.1,15.157894736842104,2021-04-28
,,-0.8666666666666667,29.8,-7.769230769230769,39.578947368421055,-6.45,14.0,2021-04-29
,,2.0625,27.666666666666668,-8.461538461538462,42.21052631578947,-3.1,13.833333333333334,2021-04-30
,,7.0,31.933333333333334,-4.0,35.10526315789474,2.25,9.333333333333334,2021-05-01
,,-1.8,24.23076923076923,-8.153846153846153,23.789473684210527,-0.6,10.9375,2021-05-02
,,-5.466666666666667,29.0,-19.857142857142858,15.052631578947368,-45.95,26.473684210526315,2021-05-03
,,-0.6666666666666666,29.933333333333334,-14.333333333333334,41.63157894736842,-4.7,11.105263157894736,2021-05-04
,,0.6875,29.266666666666666,-10.923076923076923,41.421052631578945,-4.8,12.473684210526315,2021-05-05
,,2.1875,30.666666666666668,-7.769230769230769,41.421052631578945,-5.2,14.157894736842104,2021-05-06
,,2.0625,28.133333333333333,-4.076923076923077,41.78947368421053,-0.95,12.947368421052632,2021-05-07
,,3.533333333333333,24.933333333333334,-2.6923076923076925,30.36842105263158,5.05,10.88888888888889,2021-05-08
,,-3.066666666666667,19.142857142857142,-8.538461538461538,24.05263157894737,0.65,12.75,2021-05-09
,,3.466666666666667,30.4,-4.3076923076923075,41.05263157894737,-3.95,11.68421052631579,2021-05-10
,,4.866666666666666,35.53333333333333,-3.25,48.05263157894737,-4.3,10.473684210526315,2021-05-11
,,-4.0,31.2,-20.916666666666668,19.736842105263158,-42.8,25.842105263157894,2021-05-12
,,-11.1875,15.266666666666667,-27.916666666666668,7.157894736842105,-55.35,26.736842105263158,2021-05-13
,,-1.625,22.533333333333335,-10.153846153846153,30.842105263157894,-11.75,16.555555555555557,2021-05-14
,,0.6666666666666666,22.333333333333332,3.4615384615384617,27.894736842105264,-3.3,12.055555555555555,2021-05-15
,,1.2,26.307692307692307,6.3076923076923075,28.36842105263158,0.2,10.625,2021-05-16
,,3.066666666666667,34.333333333333336,0.4166666666666667,48.05263157894737,-1.8,11.473684210526315,2021-05-17
,,0.7333333333333333,29.733333333333334,-7.666666666666667,47.21052631578947,-3.45,12.894736842105264,2021-05-18
,,2.8125,30.6,-6.0,41.94736842105263,-1.75,13.263157894736842,2021-05-19
,,5.375,33.0,-4.076923076923077,39.94736842105263,-1.05,13.368421052631579,2021-05-20
,,5.5625,30.2,-3.3846153846153846,50.31578947368421,2.95,12.68421052631579,2021-05-21
,,2.7333333333333334,19.466666666666665,-0.46153846153846156,34.578947368421055,1.5,13.38888888888889,2021-05-22
,,-1.2666666666666666,22.615384615384617,0.6923076923076923,30.94736842105263,5.2,12.0625,2021-05-23
,,2.7333333333333334,27.6,-4.6923076923076925,43.578947368421055,-0.35,12.894736842105264,2021-05-24
,,2.533333333333333,32.8,-8.583333333333334,44.21052631578947,-1.3,12.68421052631579,2021-05-25
,,4.75,29.8,-3.6923076923076925,43.26315789473684,-1.15,12.894736842105264,2021-05-26
,,15.125,40.733333333333334,2.230769230769231,43.0,-5.9,13.789473684210526,2021-05-27
,,11.5,38.13333333333333,1.9230769230769231,52.78947368421053,3.0,11.473684210526315,2021-05-28
,,17.266666666666666,35.86666666666667,4.416666666666667,47.94736842105263,3.75,9.5,2021-05-29
,,6.266666666666667,33.84615384615385,4.714285714285714,36.26315789473684,-2.0,12.4375,2021-05-30
,,9.666666666666666,36.4,-0.25,47.526315789473685,2.0,13.105263157894736,2021-05-31
,,0.0,25.733333333333334,-12.0,41.31578947368421,-2.1,16.0,2021-06-01
,,11.5,41.93333333333333,-2.9166666666666665,51.89473684210526,0.85,13.210526315789474,2021-06-02
,,14.875,41.46666666666667,2.769230769230769,56.05263157894737,2.2,13.368421052631579,2021-06-03
,,8.3125,28.533333333333335,5.076923076923077,52.21052631578947,-0.45,16.736842105263158,2021-06-04
,,16.0,35.4,15.23076923076923,52.473684210526315,4.15,10.11111111111111,2021-06-05
,,9.466666666666667,33.69230769230769,1.8571428571428572,41.0,0.7,10.375,2021-06-06
,,11.466666666666667,37.266666666666666,3.1666666666666665,52.1578947368421,1.8,11.578947368421053,2021-06-07
,,2.2666666666666666,27.133333333333333,-7.666666666666667,45.73684210526316,-1.75,14.68421052631579,2021-06-08
,,6.3125,29.333333333333332,2.0,53.31578947368421,-2.1,13.894736842105264,2021-06-09
,,12.6,39.86666666666667,4.230769230769231,54.31578947368421,-1.45,13.631578947368421,2021-06-10
,,13.625,44.6,11.153846153846153,62.8421052631579,-2.5,15.333333333333334,2021-06-11
,,-34.53333333333333,-22.666666666666668,-39.07692307692308,-14.68421052631579,-36.9,29.470588235294116,2021-06-12
,,7.933333333333334,29.846153846153847,-2.7142857142857144,33.05263157894737,-2.75,14.0,2021-06-13
,,11.066666666666666,39.93333333333333,-11.916666666666666,28.263157894736842,-43.65,25.842105263157894,2021-06-14
,,9.0,33.8,-4.75,52.473684210526315,2.35,11.052631578947368,2021-06-15
,,12.266666666666667,35.53333333333333,-0.9166666666666666,54.10526315789474,-0.85,13.210526315789474,2021-06-16
,,13.733333333333333,36.46666666666667,-3.75,53.31578947368421,0.85,12.842105263157896,2021-06-17
,,14.875,34.06666666666667,1.3333333333333333,54.0,3.3,13.210526315789474,2021-06-18
,,15.866666666666667,30.6,1.1666666666666667,48.89473684210526,4.8,10.5,2021-06-19
,,-4.0,9.5,-9.923076923076923,22.157894736842106,-8.35,14.875,2021-06-20
,,11.733333333333333,32.93333333333333,-1.1666666666666667,50.473684210526315,-0.9,11.578947368421053,2021-06-21
,,7.133333333333334,30.066666666666666,-4.583333333333333,51.8421052631579,-1.55,13.0,2021-06-22
,,9.625,31.866666666666667,-7.666666666666667,49.68421052631579,-0.55,13.157894736842104,2021-06-23
,,12.933333333333334,36.53333333333333,-0.5833333333333334,52.473684210526315,0.4,12.789473684210526,2021-06-24
,,16.5,37.93333333333333,2.0833333333333335,56.63157894736842,4.1,12.526315789473685,2021-06-25
,,6.533333333333333,20.0,-4.076923076923077,31.789473684210527,-4.85,15.222222222222221,2021-06-26
,,10.333333333333334,34.30769230769231,8.23076923076923,42.21052631578947,0.4,11.375,2021-06-27
,,12.933333333333334,36.46666666666667,1.0,51.473684210526315,1.75,10.421052631578947,2021-06-28
,,9.333333333333334,30.733333333333334,-5.25,48.26315789473684,-0.45,12.68421052631579,2021-06-29
,,12.4,35.733333333333334,-3.4166666666666665,51.578947368421055,2.45,12.789473684210526,2021-06-30
,,15.933333333333334,39.333333333333336,2.1666666666666665,54.10526315789474,3.2,13.421052631578947,2021-07-01
,,19.5625,40.733333333333334,0.8333333333333334,58.10526315789474,6.6,13.368421052631579,2021-07-02
,,10.666666666666666,25.933333333333334,-5.285714285714286,40.421052631578945,3.95,13.88888888888889,2021-07-03
,,12.466666666666667,41.46153846153846,4.571428571428571,44.68421052631579,0.95,11.25,2021-07-04
,,18.2,41.86666666666667,7.75,55.0,4.8,11.473684210526315,2021-07-05
,,16.666666666666668,39.266666666666666,1.75,57.578947368421055,1.95,13.157894736842104,2021-07-06
,,15.25,36.06666666666667,-0.8333333333333334,52.31578947368421,2.1,13.842105263157896,2021-07-07
,,16.875,39.13333333333333,-2.5833333333333335,51.94736842105263,2.6,14.368421052631579,2021-07-08
,,17.9375,34.6,-2.8333333333333335,53.578947368421055,5.25,14.68421052631579,2021-07-09
,,23.866666666666667,39.13333333333333,3.357142857142857,55.05263157894737,8.75,10.777777777777779,2021-07-10
,,13.066666666666666,30.928571428571427,8.615384615384615,47.21052631578947,1.95,12.5625,2021-07-11
,,19.0,42.2,3.1666666666666665,53.421052631578945,4.65,12.68421052631579,2021-07-12
,,17.066666666666666,40.06666666666667,-4.25,54.31578947368421,3.3,13.421052631578947,2021-07-13
,,13.933333333333334,35.46666666666667,2.3636363636363638,48.421052631578945,1.5,14.631578947368421,2021-07-14
,,17.4,41.333333333333336,6.166666666666667,58.526315789473685,2.5,12.789473684210526,2021-07-15
,,1.9375,18.066666666666666,10.916666666666666,46.21052631578947,-0.3,16.38888888888889,2021-07-16
,,20.866666666666667,38.93333333333333,11.928571428571429,54.63157894736842,5.35,9.222222222222221,2021-07-17
,,12.2,35.416666666666664,7.0,44.526315789473685,2.05,12.125,2021-07-18
,,25.2,57.46666666666667,-2.8461538461538463,62.36842105263158,-5.1,11.210526315789474,2021-07-19
,,-5.8,19.933333333333334,-24.181818181818183,17.473684210526315,-60.55,26.0,2021-07-20
,,-2.9375,23.333333333333332,-21.454545454545453,17.157894736842106,-57.0,27.263157894736842,2021-07-21
,,11.066666666666666,37.06666666666667,-2.8181818181818183,42.36842105263158,-7.1,14.421052631578947,2021-07-22
,,19.875,48.333333333333336,7.818181818181818,53.10526315789474,-2.8,14.61111111111111,2021-07-23
,,-38.75,-33.666666666666664,-38.916666666666664,-24.736842105263158,-47.35,32.588235294117645,2021-07-24
,,9.866666666666667,34.76923076923077,4.416666666666667,42.26315789473684,-0.15,12.1875,2021-07-25
,,19.466666666666665,46.93333333333333,5.916666666666667,49.94736842105263,1.35,13.947368421052632,2021-07-26
,,17.933333333333334,42.2,-0.75,50.31578947368421,-0.2,15.368421052631579,2021-07-27
,,18.066666666666666,42.2,-6.923076923076923,51.31578947368421,0.25,15.052631578947368,2021-07-28
,,20.933333333333334,44.4,-6.6923076923076925,52.63157894736842,1.05,14.68421052631579,2021-07-29
,,23.25,44.06666666666667,-2.076923076923077,55.78947368421053,4.4,14.631578947368421,2021-07-30
,,28.4,43.2,11.923076923076923,54.89473684210526,6.6,10.055555555555555,2021-07-31
,,13.785714285714286,31.416666666666668,12.384615384615385,44.473684210526315,1.85,11.875,2021-08-01
,,18.933333333333334,45.4,-2.230769230769231,51.10526315789474,2.05,14.526315789473685,2021-08-02
,,16.8,42.6,-1.6666666666666667,49.21052631578947,-0.95,15.526315789473685,2021-08-03
,,15.666666666666666,39.46666666666667,-2.0833333333333335,48.578947368421055,-0.95,16.105263157894736,2021-08-04
,,16.666666666666668,38.53333333333333,-9.923076923076923,45.63157894736842,-2.3,16.57894736842105,2021-08-05
,,21.375,40.53333333333333,-4.538461538461538,55.578947368421055,1.4,15.473684210526315,2021-08-06
,,19.6,34.733333333333334,-2.1538461538461537,49.73684210526316,5.7,11.88888888888889,2021-08-07
,,10.533333333333333,34.46153846153846,12.384615384615385,45.10526315789474,0.35,13.6875,2021-08-08
,,19.266666666666666,42.86666666666667,0.8461538461538461,51.473684210526315,1.0,15.210526315789474,2021-08-09
,,17.066666666666666,42.6,-9.153846153846153,49.94736842105263,-0.5,16.31578947368421,2021-08-10
,,16.266666666666666,39.666666666666664,-10.076923076923077,50.21052631578947,-0.7,16.105263157894736,2021-08-11
,,16.866666666666667,41.93333333333333,-6.6923076923076925,51.05263157894737,-0.45,15.947368421052632,2021-08-12
,,17.9375,39.8,-6.846153846153846,53.21052631578947,1.35,16.944444444444443,2021-08-13
,,21.333333333333332,34.733333333333334,0.15384615384615385,52.0,7.3,11.722222222222221,2021-08-14
,,12.133333333333333,33.0,4.666666666666667,39.421052631578945,2.05,13.1875,2021-08-15
,,16.4,40.86666666666667,2.5,49.526315789473685,1.05,14.736842105263158,2021-08-16
,,12.933333333333334,38.93333333333333,-8.461538461538462,48.1578947368421,-1.6,16.263157894736842,2021-08-17
,,13.066666666666666,38.86666666666667,-10.615384615384615,47.21052631578947,0.95,17.0,2021-08-18
,,15.2,42.0,-3.0,49.63157894736842,0.65,16.105263157894736,2021-08-19
,,16.8125,37.2,0.0,50.0,1.7,17.27777777777778,2021-08-20
,,12.6,26.4,-6.846153846153846,39.68421052631579,2.6,14.38888888888889,2021-08-21
,,7.2,22.714285714285715,1.1428571428571428,34.94736842105263,0.6,14.1875,2021-08-22
,,13.333333333333334,38.733333333333334,2.5454545454545454,45.526315789473685,1.4,15.210526315789474,2021-08-23
,,12.0,35.4,-0.2727272727272727,44.421052631578945,-1.2,16.473684210526315,2021-08-24
,,13.733333333333333,37.266666666666666,-10.153846153846153,43.63157894736842,-1.0,15.894736842105264,2021-08-25
,,19.8,41.0,1.1666666666666667,48.05263157894737,-0.8,15.789473684210526,2021-08-26
,,20.0625,38.06666666666667,-5.615384615384615,49.94736842105263,1.3,16.833333333333332,2021-08-27
,,21.733333333333334,32.53333333333333,-4.615384615384615,46.526315789473685,4.6,12.222222222222221,2021-08-28
,,8.8,30.923076923076923,5.285714285714286,37.578947368421055,-1.4,14.0625,2021-08-29
,,18.266666666666666,40.333333333333336,0.4166666666666667,46.1578947368421,0.45,15.473684210526315,2021-08-30
,,17.466666666666665,40.266666666666666,-5.0,48.21052631578947,-0.5,16.0,2021-08-31
